sigma 1
10
1.000000 1.000000 1.000000 1.000000 1.000000 1.000000 1.000000 1.000000 1.000000 1.000000 
gamma 1
2 3
0.000000 -2.038232 -0.205198 -0.179022 -0.010316 -1.244388 
beta 1
3 10
0.517014 -0.953938 0.697838 1.248776 -0.605080 0.909186 2.064737 -1.082720 1.581726 -0.446348 -1.155356 0.261507 -1.294610 -0.564131 -0.641357 -0.790692 -0.351233 -0.422356 -0.058168 -1.877615 0.238333 2.881179 -1.729274 2.067710 3.259356 -0.946481 2.300733 0.433616 -1.076538 0.352521 
V 1
3
0.355757 -0.200947 0.162524 -0.200947 0.451197 -0.235147 0.162524 -0.235147 0.226696 
nf 1
2
2 2 
lambda 1
2
2 10
0.200710 0.039366 -0.599263 0.156978 2.100145 0.122762 -0.588748 -0.055421 -0.808515 -0.018221 -0.362431 -0.022170 -0.128407 0.045462 -0.012436 -0.033061 0.001974 0.035014 -0.287106 0.024314 
2 10
0.395339 0.006702 1.019100 -0.018104 -0.031065 -0.084137 -0.150733 0.036292 -0.285267 0.029730 0.432840 0.071264 -0.204173 0.039669 0.117128 -0.040683 -0.157487 -0.055331 -0.039222 -0.124530 
eta 1
2
200 2
-0.400381 -0.209644 -0.103754 1.330781 -0.541981 0.979114 0.275543 1.449138 -0.307006 -0.726711 1.278873 -2.764208 -0.568166 2.763304 0.060634 -2.063403 0.030640 0.326295 0.731459 1.354879 -0.215322 0.536494 0.574383 -0.015417 0.059954 -0.917658 -0.524292 -1.050423 0.306080 -0.057590 -0.177815 1.481890 0.131511 -0.052032 -0.550095 -1.733962 -0.387419 -2.365146 -0.571256 0.010069 1.255723 -0.820761 0.305460 -0.000029 -2.243771 -1.863345 -0.195606 1.225722 -0.603548 0.678204 -0.726321 -1.072731 -1.302486 -0.229620 -0.656655 0.381522 -1.448788 -0.978113 -1.224376 -1.077053 0.623583 -0.457896 -0.561759 0.136208 1.021503 1.936089 1.561356 1.359023 -1.864756 -1.717061 -0.061872 -0.705292 1.107436 -0.044768 0.118538 0.878220 -0.079947 0.590146 -0.554747 -0.615667 -0.689040 0.116539 -0.855605 0.796908 -2.464211 -0.474592 0.563042 -0.552889 -0.294927 0.124951 0.109075 -1.119832 0.472949 1.778637 0.800018 -0.658022 0.107852 -0.517307 0.119842 1.930902 -0.532678 0.922536 -1.036749 0.279650 -0.523115 0.546274 0.705333 0.468460 -0.100024 -1.067891 -2.588719 -0.448819 -1.440259 0.934778 0.375977 -0.251271 0.496861 0.092671 -1.964326 -0.401108 -1.093911 -0.678303 -1.970043 0.307210 0.046920 0.215869 -0.237293 1.666002 -0.222967 -1.370886 0.856108 0.721929 0.712895 0.644424 -1.294450 -0.827930 -0.564768 -0.228959 0.855717 -1.301764 -0.073907 -2.197588 0.864011 0.645328 -1.193955 -0.034896 -0.712788 2.619028 2.794650 0.629131 1.825779 -0.151243 1.098892 -0.350638 -1.181074 1.613686 0.412021 -1.347839 1.385443 0.700463 0.322197 0.174338 -0.733820 0.227690 1.197335 -1.436389 -1.569608 1.146470 0.454343 0.142179 -0.800425 -1.156936 0.907952 -0.318833 -1.367158 0.556305 -0.706028 1.149258 1.379700 -0.017873 0.268011 0.033642 0.388377 0.689099 -0.878603 1.070225 0.164910 -1.385081 -0.990824 0.378418 -1.299425 -0.983455 -1.006416 1.584843 0.483581 0.959621 -0.545966 0.265402 0.337074 0.375951 -1.049269 1.073903 1.400704 0.078071 -1.111087 0.929832 -1.406928 -0.490442 0.796461 0.320721 1.824993 0.125838 1.283284 0.940283 -0.912691 -0.537827 0.273043 -0.188873 -2.040028 0.543943 -0.989055 -1.385691 1.055350 -1.763258 -0.914170 -2.565918 1.427298 0.098617 -0.671370 0.860693 0.033095 -0.177832 0.471082 -0.714685 -1.025397 -0.631256 -0.370778 0.503666 0.334579 -1.210928 2.202782 0.739613 0.511020 0.609550 -1.249831 -0.069658 -0.194669 0.408094 -0.131232 0.345063 0.567662 0.682841 0.239880 -2.550740 0.455502 1.103101 1.460408 -1.147892 -1.129392 -0.429350 -0.575551 1.140118 0.279726 0.777319 -0.067074 -1.127798 -2.228271 -0.578479 -1.641291 0.776947 0.372653 0.654082 -0.017981 -0.764111 -0.630582 -0.123164 -0.763382 -1.431450 1.092311 0.974652 -0.548736 0.660927 -0.274718 1.541665 0.450625 0.362280 -0.810577 0.156968 0.474190 -0.593522 1.777381 1.900100 -0.729995 0.567137 1.775290 -1.285679 1.749748 -1.258336 0.989469 0.278940 -0.465374 -0.488536 0.665811 0.418114 1.462554 0.335251 2.402990 0.393666 -1.466521 -0.126054 -0.763374 2.121088 -0.416574 2.264181 0.082321 -0.520006 -1.180747 -0.633615 -2.151889 0.402166 -0.195042 2.230828 2.399944 -0.692402 -0.162229 -0.057558 0.174049 0.444863 -0.042691 -0.198240 -0.367308 1.465784 -1.786774 1.093514 -0.856303 1.106592 -0.290524 1.469040 -0.865654 -1.404295 0.847919 0.097521 -0.333159 -0.993646 -1.143566 0.669345 1.569589 0.447966 -0.048650 2.059576 -0.012816 -0.286836 -0.521384 2.739217 -0.477739 -0.004075 -0.164889 1.203063 -0.317745 -0.406169 0.633019 -0.497037 -0.728185 1.249597 0.925060 0.197087 -0.651183 0.539552 0.602599 -0.562677 -1.017254 2.454150 -0.112744 1.013038 -1.171895 0.553411 -0.142873 -0.187075 -1.131094 -0.841685 0.412923 0.270514 1.111905 -2.417977 0.984978 0.003924 -0.924147 -0.438564 -0.810727 1.351216 0.663820 1.175967 -0.407248 0.781496 0.162960 1.138742 -0.042322 0.442418 0.646699 -0.517053 
5 2
0.064634 -0.307538 0.347724 1.005793 -0.208019 -0.597408 1.640865 0.227081 -0.377023 0.428138 
delta 1
2
2
43.677296 47.992753 
2
59.646509 51.643885 
psijh 1
2
10 2
0.880628 0.178992 0.083253 0.536770 0.876123 1.049973 2.748282 1.185191 1.795798 1.318457 2.702548 0.269299 0.782912 0.680796 1.392586 0.503245 2.590490 0.978810 0.936859 1.769417 
10 2
0.998026 0.190678 1.641892 0.498037 0.323522 0.566596 3.271128 0.570057 2.570990 0.394036 2.285872 1.723372 0.756894 2.292442 2.925101 0.661055 0.830075 0.711652 0.434531 0.514815 
alpha 1
2
-1
-1
rho 1
180
